000020
000030
000040
000050
000060
000070
000075
000080
000087
000100
000105
000120
000140
000145
000150
000155
000157
000180
000210
000215
000220
000225
000227
000230
000240
000270
000300
000320
000325
000327
000370
000390
000400
000430
000480
000490
000500
000520
000540
000545
000547
000590
000640
000650
000660
000670
000680
000687
000700
000720
000725
000760
000810
000815
000830
000835
000850
000860
000880
000885
000890
000910
000950
000970
000990
000995
001020
001040
001045
001060
001065
001067
001070
001080
001120
001130
001140
001200
001210
001230
001250
001260
001270
001275
001290
001340
001360
001380
001390
001420
001430
001440
001450
001460
001465
001470
001500
001510
001515
001520
001525
001527
001529
001530
001550
001560
001570
001620
001630
001680
001685
001689
001720
001725
001740
001745
001750
001755
001770
001780
001790
001795
001799
001800
001820
001880
001940
002000
002005
002020
002025
002030
002070
002100
002140
002150
002170
002200
002210
002220
002240
002250
002270
002300
002310
002320
002350
002355
002360
002380
002390
002410
002420
002450
002460
002550
002600
002620
002630
002700
002710
002720
002760
002780
002785
002787
002790
002795
002810
002820
002840
002870
002880
002900
002920
002960
002990
002995
003000
003010
003030
003060
003070
003075
003080
003090
003120
003160
003200
003220
003230
003240
003280
003300
003350
003410
003415
003419
003450
003460
003465
003470
003475
003480
003490
003495
003520
003530
003535
003540
003545
003547
003550
003555
003560
003570
003580
003600
003605
003610
003620
003650
003680
003690
003720
003780
003830
003850
003920
003925
003940
003945
003960
004000
004020
004060
004080
004090
004100
004105
004130
004135
004140
004150
004170
004200
004250
004255
004270
004310
004360
004365
004370
004380
004410
004415
004430
004450
004490
004540
004545
004560
004565
004690
004700
004710
004720
004740
004770
004800
004830
004835
004840
004870
004890
004910
004920
004960
004970
004980
004985
004987
004989
004990
005010
005030
005070
005090
005110
005180
005190
005250
005255
005257
005300
005305
005320
005360
005380
005385
005387
005389
005390
005420
005430
005440
005450
005490
005500
005610
005620
005680
005690
005720
005725
005740
005745
005750
005800
005810
005820
005830
005850
005870
005880
005930
005935
005940
005945
005950
005960
005965
005980
006040
006060
006090
006110
006120
006125
006200
006220
006260
006280
006340
006345
006360
006370
006380
006390
006400
006405
006490
006570
006650
006660
006740
006800
006805
006840
006880
006890
006980
007070
007110
007120
007160
007190
007197
007210
007280
007310
007340
007460
007540
007570
007575
007590
007610
007630
007660
007690
007700
007810
007815
00781K
007860
007980
008000
008020
008040
008060
008110
008250
008260
008350
008355
008420
008490
008500
008560
008600
008700
008730
008770
008775
008870
008900
008930
008970
009070
009140
009150
009155
009160
009180
009190
009200
009240
009270
009275
009290
009310
009320
009410
009415
009420
009440
009450
009460
009470
009540
009580
009680
009770
009810
009830
009835
009970
010040
010050
010060
010100
010120
010130
010140
010145
010420
010580
010600
010620
010640
010660
010690
010770
010780
010820
010950
010955
010960
011000
011070
011090
011150
011155
011160
011170
011200
011210
011230
011280
011300
011330
011390
011420
011500
011690
011700
011720
011760
011780
011785
011790
011810
011930
012030
012160
012170
012200
012205
012280
012320
012330
012450
012510
012600
012610
012630
012690
012750
012800
013000
013360
013367
013520
013570
013580
013700
013870
014130
014160
014280
014285
014440
014530
014580
014680
014710
014790
014820
014825
014830
014910
014915
014990
015020
015230
015260
015350
015360
015540
015590
015760
015860
015890
016090
016360
016380
016385
016450
016580
016590
016610
016710
016800
016880
017040
017180
017370
017390
017550
017670
017800
017810
017900
017940
017960
018260
018470
018500
018670
018880
019170
019175
019180
019300
019440
019490
019680
019685
020000
020120
020150
020560
020760
021050
021240
021820
021960
023000
023150
023350
023450
023530
023590
023800
023810
023960
024070
024090
024110
024720
024890
024900
025000
025530
025540
025560
025620
025750
025820
025850
025860
025890
026890
026940
027390
027410
027740
027970
028050
028100
028260
028670
029460
029530
029780
030000
030200
030210
030610
030720
030790
031430
031440
031820
032350
032560
032640
032830
033180
033240
033250
033270
033530
033660
033780
033920
034020
034120
034220
034300
034310
034590
034730
035000
035150
035250
035420
035510
036460
036530
036570
036580
037270
037560
037620
037710
039130
039490
041650
042660
042670
042700
044380
044450
044820
047040
047050
047400
047810
049770
049800
051310
051600
051630
051900
051905
051910
051915
052690
053210
053690
055550
057050
058430
058650
058730
058850
058860
060980
063160
064350
064960
066570
066575
067830
068290
068400
068870
068875
069260
069460
069500
069620
069640
069660
069730
069960
071050
071055
071090
071320
071840
071950
071970
072130
072710
073240
074610
075180
077500
077970
078000
078520
078930
078935
079160
079430
079660
079980
081000
081660
082640
082740
083350
083360
083370
083380
083390
083420
083570
083580
083590
083600
083610
083620
084010
084670
084680
084690
084695
084870
085310
085620
086280
086790
088350
088790
088980
089470
090080
090350
090355
090370
090430
090435
090970
090980
090990
091000
091090
091160
091170
091180
091210
091220
091230
092200
092220
092230
092440
092630
093050
093230
093240
093370
094280
094800
095720
096300
096760
096770
096775
097230
097710
097720
097750
097950
097955
098560
099140
099340
099350
100220
100250
100840
100910
101060
101140
101280
102110
102260
102280
102460
102780
102960
102970
103130
103140
103590
104110
104120
104520
104530
104700
105010
105190
105270
105560
105630
105780
105840
107560
107590
108440
108450
108480
108590
108630
108670
108675
109070
110570
111770
112610
114090
114100
114260
114460
114470
114800
114820
115390
117460
117580
117680
117690
117700
117930
118000
119650
120030
120110
120115
120210
121550
122090
122260
122390
122630
122900
123310
123320
123690
123700
123760
126560
128820
128940
129260
130660
130680
130730
131890
132030
133690
133820
134380
134790
136280
136340
136490
137610
137930
137990
138040
138230
138250
138440
138490
138520
138530
138540
138910
138920
138930
139130
139200
139220
139230
139240
139250
139260
139270
139280
139290
139310
139320
139480
139660
140570
140580
140700
140710
140890
140910
140950
141240
143460
143850
143860
144600
144620
145210
145270
145670
145850
145990
145995
147970
148020
148040
148070
150460
152100
152180
152280
152380
152500
152550
152870
153130
153270
153360
155660
155900
156080
157450
157490
157500
157510
157520
157650
159650
159800
160580
161000
161390
161490
161500
161510
161890
163560
166400
167860
168300
168490
168580
169950
170350
170900
172580
174350
174360
175330
176710
176950
180640
18064K
181450
181480
181710
182480
182490
183190
183700
183710
185680
185750
189400
190150
190160
190620
192090
192400
192530
192720
192820
195920
195930
195970
195980
196030
196220
196230
200020
200030
200040
200050
200250
200880
203780
204320
204420
204450
204480
205720
208470
210540
210780
210980
211210
211260
211560
211900
213500
213610
213630
214320
214390
214420
214980
215620
217770
217780
217790
218420
219390
219480
219900
220130
222170
222180
222190
222200
223190
900050
900140
950010
500001
500002
500003
500004
500005
500006
500007
500008
500009
500010
500011
500012
520001
520002
530001
550001
550002
550003
550004
550005
550006
550007
550008
550009
550010
550011
550012
550013
550014
550015
550016
590001
570001
570002
570003
570004
570005
570006
580001
580002
580003