060310
054620
211270
032040
130960
035760
051500
058820
023460
065770
083660
068790
037370
079190
032860
083450
028150
078150
036640
204840
225430
230980
095340
099520
067290
035900
024120
021320
036670
044180
151860
046440
035600
060720
083470
122450
052900
058400
114450
036030
043610
060370
159910
086960
065150
160550
060250
030190
024940
091340
950110
019550
046140
036120
099220
036540
040610
049470
184230
090730
207930
219550
057500
178920
036490
052260
066270
048550
089230
032540
048770
052300
040300
051390
052220
079940
078890
192410
024840
217730
094480
063080
039240
053950
011040
139050
024910
089890
049720
014570
098460
206660
219580
227950
215000
121440
014200
026910
090150
223040
053270
066620
043650
006050
060480
078130
019010
900070
019660
053260
058370
130500
036190
049080
035460
187790
151910
121600
039860
091970
051490
190510
089600
138610
130580
036800
091590
168330
072770
212560
095660
042420
085910
092730
101400
153460
007390
033640
087730
073070
089140
065170
139670
137940
092600
041140
144510
031390
142280
054050
040160
069140
126870
060260
012340
222040
900100
085670
053290
222810
119860
064260
093640
039560
032190
068240
020400
008830
048470
004780
017650
007720
078140
036480
025440
027830
104040
217270
232140
020180
045390
108380
006580
215480
204440
215580
048910
005710
071460
120240
003310
078600
065690
096350
140520
131220
010170
054670
023910
021040
067080
192080
213420
077360
090410
194480
017680
206560
067990
100130
005160
075970
086450
099410
045890
226440
230490
033500
025950
088130
041930
038500
060380
079960
228340
104460
088910
094170
013120
109860
032960
023790
005290
025900
078590
030350
073190
066670
109740
090710
131030
196490
066900
127120
092070
101000
134580
039840
108860
079810
113810
043360
106520
068930
033130
033310
105740
187220
131180
042510
050120
171120
171010
084650
141080
060300
038390
228850
047440
090360
900260
016170
067730
071280
109960
038060
082800
085370
060240
042940
058470
039980
016100
197210
012700
038340
131100
042500
098120
035480
038290
005990
127160
093520
141070
067280
072870
215200
133750
041920
086900
078160
065650
140410
059210
058110
096640
080420
149940
080160
100030
101330
033200
006920
001810
161570
095500
215750
239340
049950
213090
207760
059090
214180
206640
018700
035620
064520
029480
053030
084990
064550
208710
142760
038460
086040
032980
043150
046310
036620
104200
177350
225530
014100
006910
026260
014470
025270
008470
100120
064480
033560
200780
141000
090460
083650
086670
082920
054220
042370
032850
093190
065450
069540
072950
143240
123260
100090
122350
014970
018310
053700
009620
023600
111870
009300
054540
065570
082660
073640
032280
002290
037460
032750
054090
000250
024950
017480
046390
027580
091580
089980
042600
038070
006730
079650
100660
012860
019770
043710
046890
063170
027040
018680
093920
189860
122690
011370
065710
033790
035890
003100
123420
014620
037350
081580
045300
015750
080470
043260
053060
017510
214310
011560
121800
096690
100700
024830
036630
039310
080440
067770
053450
049180
068270
068760
053110
052190
032680
066910
043100
070300
154040
035610
036830
039230
086980
084180
236200
094840
192440
099440
115570
087220
028040
013810
039670
049830
020710
033170
025320
131090
001000
025870
065350
056000
086830
225590
017000
012790
138070
203650
056700
187270
066430
108320
222800
036710
160980
010280
051170
122800
208640
222420
037760
136510
099320
049960
050890
099830
066790
021880
115530
037340
225330
115480
096530
900120
101240
047920
060590
036170
013990
123860
058220
052710
074430
092040
083930
149950
036010
050860
067390
127710
143160
054800
060570
099190
214430
040910
068940
052860
069920
038880
101390
226350
078860
114810
023430
031310
185490
059100
052460
119830
124500
053810
032080
013310
059120
056730
023890
067160
001540
053800
065660
131370
096610
061040
148250
196170
123750
085810
117670
205500
052790
131400
030960
102120
019990
025980
041440
038680
121890
030270
097780
042110
065420
050320
103230
900080
101490
095910
036500
031330
060540
112240
056190
080000
160600
041510
007820
109610
096630
069510
041910
039440
098660
052020
237690
050760
058610
043340
054630
200710
031860
003800
088800
138360
035290
028300
067630
226340
044780
071670
045660
224110
021080
089530
182400
073570
043580
214870
038870
086520
038110
073540
036810
063440
173940
065160
054940
950130
205100
092870
067570
054340
217820
095300
207720
198440
215790
217810
218410
225570
206400
069410
048830
096870
061970
138690
220260
066970
073110
083310
037950
170920
058630
019590
097520
009780
123040
074150
032790
180400
033160
050540
115960
090740
007530
143540
036180
036560
036000
053280
122640
045060
080520
039830
046120
014940
065500
010470
053980
052420
039200
031510
048260
138080
080580
067170
049480
057540
057680
123010
082210
109080
052770
057030
122990
067900
155650
193250
019210
122870
079000
900180
114630
032820
041190
115440
046970
215360
072470
073560
153490
082850
037400
101170
194610
066590
046940
052270
065680
018620
032940
240810
074600
104830
014190
030530
012620
008370
008290
101160
095270
900130
065950
114190
076080
196700
069080
039790
044340
043220
112040
038620
036090
136540
097800
192390
044480
036200
018000
011320
086390
142210
048430
089850
032620
078070
024800
054930
069330
049520
204620
219960
056090
195990
023410
056080
221200
215090
084370
178780
191410
044960
039020
060230
067920
073490
088390
053350
033110
041520
054210
065440
036260
115610
217600
225440
078020
080010
086890
047560
900110
067010
223310
102710
094190
123570
095190
091120
039030
088290
033600
035810
090850
058530
092130
016250
096040
134060
001840
024810
041830
079950
060150
033230
037330
083640
049070
119610
158310
017250
108790
035080
051370
064290
150840
048530
175140
115310
039290
041020
071200
101930
078940
068330
058450
019540
094820
049550
043910
174880
049630
065530
208140
022220
040420
045510
065620
217190
095700
187420
123330
159580
147830
033100
019570
079370
054950
090470
137950
033320
026040
126880
033050
094970
058420
036420
089790
052670
023440
038010
080220
082270
041590
044060
034940
101730
067000
033340
036930
072020
000440
054180
155960
114570
051160
053050
119850
065060
018290
115450
018120
109820
086060
036890
007370
196450
085660
900040
900090
094850
004650
111820
096240
013720
047820
094360
016920
035720
071850
066410
050110
078340
214370
221980
043290
208350
214270
222390
232270
192250
115500
089150
025880
093320
065940
073010
105330
068150
039420
083550
032500
204650
214150
220630
064820
024880
042040
054410
089010
052400
094860
046070
047770
080530
224060
078650
104540
033430
027050
101670
123410
036690
049430
041960
009730
069110
048870
166480
045970
038530
029960
102940
033290
056360
121850
015710
052330
126600
200130
225650
060280
040350
051780
115180
065560
182360
066310
016600
043590
114120
083790
900250
045520
218710
226850
054780
219130
065130
023160
053620
072520
044490
191420
123100
182690
066700
095610
131970
089030
038540
054450
091440
200230
051360
045340
057880
108230
079970
052290
105550
026150
033830
064760
131290
062860
104480
081150
130740
084730
046210
034230
033540
043200
214450
177830
037070
150900
047310
170790
049120
038950
106240
131760
140860
091700
194510
032800
043090
027710
054300
068050
222110
060900
087010
043370
119500
016670
022100
009520
003670
189690
141020
005670
094940
007330
093380
023900
035200
203690
053610
053160
060910
075130
023770
032580
051380
237750
131390
024850
031980
002230
137400
128660
006140
087600
064800
230240
067310
208370
208870
215100
218150
136480
024660
149980
013030
126700
200470
106080
066980
235010
205470
217500
221840
106190
066130
222080
240540
004590
039340
034950
222980
025550
017890
063570
041460
101680
039740
053300
025770
023760
054040
021650
053590
037230
030520
052600
092460
047080
081970
099660
221610
070590
042520
078350
045100
064090
046110
024740
005860
123840
007770
061460
079170
054920
077280
002680
066110
217620
215380
214680
219860
102210
034810
076610
008800
170030
221950
226360
048410
204760
026180
039010
092300
053660
011080
060560
064240
039610
126640
086250
204630
061250
134780
097870
050090
051980
115160
028080
200670
065510
243070
084110
145020
024060
010240
189980
037440